row_margin: 0
col_margin: 0
valid_range_min: 0.01
valid_range_max: 100
discontinuity_factor: 10
rolling_diff_discount: 0.9
min_partition_size: 5
azimuth_min: -2.3561944901923448
azimuth_max: 2.3561944901923448
elevation_min: -1.5707963267948966
elevation_max: 1.5707963267948966
num_azimuth_lines: 271
num_elevation_lines: 91
